3.519 1.012 0.010 0.012 0.012
0.010 0.011 0.009 0.014 0.010
0.014 0.011 0.010 0.013 0.012
0.010 0.010 0.012 0.016 0.009
0.014 0.013 0.010 0.014 0.010
0.000 0.000 0.000 0.000 0.004
0.000 0.008 0.004 0.008 0.000
0.008 0.004 0.000 0.008 0.004
0.004 0.004 0.008 0.004 0.004
0.004 0.000 0.000 0.000 0.004
0.004 0.004 0.004 0.012 0.000
0.004 0.004 0.008 0.012 0.004
0.004 0.004 0.004 0.012 0.004
0.004 0.012 0.008 0.004 0.000
0.008 0.008 0.004 0.008 0.004
0.010 0.008 0.009 0.008 0.009
0.004 0.000 0.000 0.008 0.000
0.008 0.008 0.004 0.008 0.008
