3.529 0.018 0.019 0.020 0.018
0.017 0.019 0.020 0.019 0.018
0.015 0.017 0.014 0.016 0.015
0.014 0.012 0.014 0.012 0.014
0.011 0.008 0.014 0.015 0.007
0.016 0.004 0.000 0.004 0.004
0.008 0.004 0.000 0.008 0.008
0.008 0.004 0.008 0.004 0.016
0.012 0.008 0.000 0.004 0.008
0.004 0.004 0.004 0.012 0.004
0.024 0.024 0.012 0.016 0.004
0.004 0.004 0.008 0.008 0.012
0.012 0.000 0.008 0.004 0.004
0.008 0.012 0.008 0.008 0.004
0.004 0.012 0.016 0.004 0.008
0.012 0.013 0.008 0.010 0.007
0.000 0.000 0.004 0.000 0.008
0.008 0.004 0.008 0.008 0.004
