3.514 3.514 3.513 2.015 0.010
0.009 0.009 0.008 0.009 0.008
0.009 0.013 0.008 0.009 0.008
0.009 0.009 0.009 0.008 0.009
0.008 0.012 0.009 0.008 0.009
0.000 0.008 0.004 0.004 0.004
0.000 0.000 0.000 0.000 0.004
0.000 0.000 0.004 0.000 0.000
0.004 0.000 0.008 0.000 0.004
0.012 0.008 0.004 0.000 0.004
0.008 0.004 0.008 0.008 0.000
0.008 0.000 0.008 0.008 0.004
0.008 0.008 0.008 0.004 0.008
0.000 0.008 0.004 0.008 0.004
0.004 0.008 0.004 0.004 0.008
0.009 0.009 0.008 0.008 0.008
0.000 0.004 0.000 0.008 0.000
0.004 0.000 0.004 0.004 0.004
