3.526 0.018 0.022 0.014 0.018
0.019 0.016 0.017 0.014 0.010
0.016 0.020 0.014 0.019 0.018
0.018 0.019 0.020 0.020 0.020
0.018 0.018 0.018 0.019 0.008
0.000 0.000 0.004 0.016 0.008
0.012 0.000 0.004 0.004 0.012
0.004 0.012 0.012 0.008 0.000
0.008 0.008 0.008 0.004 0.008
0.004 0.012 0.004 0.000 0.000
0.012 0.016 0.008 0.008 0.012
0.012 0.012 0.020 0.012 0.008
0.016 0.008 0.020 0.020 0.016
0.008 0.016 0.008 0.008 0.016
0.012 0.016 0.020 0.020 0.024
0.019 0.020 0.016 0.017 0.016
0.008 0.012 0.012 0.000 0.004
0.012 0.012 0.016 0.004 0.012
